S D rmse_maf rmse_maf_pop sb_maf sb_maf_pop 
20 0.1 0.105782 0.1057125 0.1771056 0.1059653 0.1059792 0.176007 -0.01012314 -0.0105575 0.1323196 -0.01078371 -0.01121807 0.1316591 
20 0.5 0.02921029 0.029375 0.04837644 0.03474114 0.03512009 0.05090619 0.002995031 0.003195 0.03340877 0.001504461 0.00170443 0.0319182 
20 1 0.0211426 0.021705 0.02980042 0.02860077 0.02973287 0.03525289 0.002686048 0.00405 0.01705489 0.001427978 0.00279193 0.01579682 
20 2 0.01517841 0.0147975 0.01864992 0.02416901 0.02514963 0.02655691 0.001405162 0.0017675 0.008059747 -0.000270408 9.193e-05 0.006384177 
20 5 0.009084501 0.0078275 0.00925004 0.02067109 0.02098647 0.02098736 0.0006897043 0.0003225 0.002259598 -0.0007067257 -0.00107393 0.0008631681 
20 10 0.006334038 0.00469 0.005418206 0.01991001 0.02002938 0.01999115 6.885682e-05 -0.000255 0.0002994168 -0.001028303 -0.00135216 -0.0007977432 
50 0.1 0.04166204 0.041754 0.08503729 0.04307915 0.04320628 0.08536022 0.002044405 0.001906 0.06868758 0.001767925 0.00162952 0.0684111 
50 0.5 0.01954536 0.019573 0.02720895 0.02302324 0.02317096 0.02974074 0.001832382 0.001937 0.01526944 0.001086902 0.00119152 0.01452396 
50 1 0.01380181 0.013875 0.01735211 0.01820798 0.01864946 0.02110205 0.001198452 0.001549 0.007928559 0.0006039721 0.00095452 0.007334079 
50 2 0.009610623 0.009548 0.01113176 0.01541282 0.01576536 0.01637272 0.0003844478 0.000532 0.003601489 -0.0007100322 -0.00056248 0.002507009 
50 5 0.005993818 0.005555 0.006143889 0.01320546 0.01341088 0.01329203 -0.0005189709 -0.000549 0.0004171292 -0.001241551 -0.00127158 -0.0003054508 
50 10 0.004173225 0.003652 0.003931132 0.01298781 0.01310634 0.01302034 -0.0007930948 -0.000848 -0.0005111054 -0.001162495 -0.0012174 -0.0008805054 
100 0.1 0.03051372 0.030544 0.05235845 0.03168408 0.03174502 0.05288544 0.003203468 0.003176 0.03803179 0.003076148 0.00304868 0.03790447 
100 0.5 0.01389684 0.0139095 0.01779483 0.01615791 0.01626756 0.01967961 0.0008510745 0.0009015 0.008265725 0.0003797545 0.00043018 0.007794405 
100 1 0.009604421 0.0095875 0.01129486 0.01295744 0.01306874 0.0143879 -6.330405e-06 2.55e-05 0.003796902 1.43496e-05 4.618e-05 0.003817582 
100 2 0.006828857 0.0067635 0.007498164 0.01112751 0.01124876 0.01152034 -0.0005113405 -0.0004865 0.001326763 -0.0008766605 -0.00085182 0.0009614433 
100 5 0.004288831 0.0041205 0.004390013 0.009629204 0.00970982 0.009628527 -0.0006893315 -0.0007285 -0.0001058091 -0.0009234315 -0.0009626 -0.0003399091 
100 10 0.003023533 0.0028575 0.002942485 0.009041091 0.00912192 0.009039556 -0.0009019878 -0.0008895 -0.0007039552 -0.001061428 -0.00104894 -0.0008633952 
1000 0.1 0.009580289 0.0095779 0.01163706 0.009899031 0.00990169 0.01192209 -0.000172629 -0.0001799 0.004282492 -0.000223019 -0.00023029 0.004232102 
1000 0.5 0.004287775 0.00428665 0.004473168 0.005106666 0.00511316 0.005268444 -0.001016669 -0.00102285 6.767935e-05 -0.001032259 -0.00103844 5.208935e-05 
1000 1 0.003186201 0.0031844 0.003176055 0.004249389 0.00425804 0.004222804 -0.001091071 -0.001097 -0.0005096974 -0.001055711 -0.00106164 -0.0004743374 
1000 2 0.002436788 0.00243515 0.002361273 0.003714046 0.00372317 0.003621643 -0.001218944 -0.00122655 -0.000925958 -0.001232384 -0.00123999 -0.000939398 
1000 5 0.001864985 0.0018638 0.001811432 0.003400637 0.00340978 0.003338238 -0.001171099 -0.0011779 -0.001074619 -0.001160319 -0.00116712 -0.001063839 
1000 10 0.001565479 0.00156525 0.001536315 0.003208559 0.0032193 0.003189456 -0.001186663 -0.00119585 -0.001155348 -0.001240493 -0.00124968 -0.001209178 
