S D F nsites True Predicted Value F1 
20 0.5 0 10000 0 0 8063 0.2792273 
20 0.5 0 10000 1 1 1937 0.2792273 
20 0.5 0 10000 1 0 8063 0.2792273 
20 0.5 0 10000 0 1 1937 0.2792273 
20 0.5 0.01 10000 0 0 8063 0.4091424 
20 0.5 0.01 10000 1 1 3070 0.4091424 
20 0.5 0.01 10000 1 0 6930 0.4091424 
20 0.5 0.01 10000 0 1 1937 0.4091424 
20 0.5 0.02 10000 0 0 8063 0.5039479 
20 0.5 0.02 10000 1 1 4021 0.5039479 
20 0.5 0.02 10000 1 0 5979 0.5039479 
20 0.5 0.02 10000 0 1 1937 0.5039479 
20 0.5 0.025 10000 0 0 8063 0.5435578 
20 0.5 0.025 10000 1 1 4455 0.5435578 
20 0.5 0.025 10000 1 0 5545 0.5435578 
20 0.5 0.025 10000 0 1 1937 0.5435578 
20 0.5 0.05 10000 0 0 8063 0.6891061 
20 0.5 0.05 10000 1 1 6275 0.6891061 
20 0.5 0.05 10000 1 0 3725 0.6891061 
20 0.5 0.05 10000 0 1 1937 0.6891061 
20 1 0 10000 0 0 6669 0.399832 
20 1 0 10000 1 1 3331 0.399832 
20 1 0 10000 1 0 6669 0.399832 
20 1 0 10000 0 1 3331 0.399832 
20 1 0.01 10000 0 0 6669 0.5323939 
20 1 0.01 10000 1 1 4836 0.5323939 
20 1 0.01 10000 1 0 5164 0.5323939 
20 1 0.01 10000 0 1 3331 0.5323939 
20 1 0.02 10000 0 0 6669 0.6213351 
20 1 0.02 10000 1 1 6008 0.6213351 
20 1 0.02 10000 1 0 3992 0.6213351 
20 1 0.02 10000 0 1 3331 0.6213351 
20 1 0.025 10000 0 0 6669 0.6557427 
20 1 0.025 10000 1 1 6503 0.6557427 
20 1 0.025 10000 1 0 3497 0.6557427 
20 1 0.025 10000 0 1 3331 0.6557427 
20 1 0.05 10000 0 0 6669 0.7589257 
20 1 0.05 10000 1 1 8152 0.7589257 
20 1 0.05 10000 1 0 1848 0.7589257 
20 1 0.05 10000 0 1 3331 0.7589257 
20 2 0 10000 0 0 8061 0.2794351 
20 2 0 10000 1 1 1939 0.2794351 
20 2 0 10000 1 0 8061 0.2794351 
20 2 0 10000 0 1 1939 0.2794351 
20 2 0.01 10000 0 0 8061 0.4945464 
20 2 0.01 10000 1 1 3922 0.4945464 
20 2 0.01 10000 1 0 6078 0.4945464 
20 2 0.01 10000 0 1 1939 0.4945464 
20 2 0.02 10000 0 0 8061 0.622635 
20 2 0.02 10000 1 1 5397 0.622635 
20 2 0.02 10000 1 0 4603 0.622635 
20 2 0.02 10000 0 1 1939 0.622635 
20 2 0.025 10000 0 0 8061 0.6689336 
20 2 0.025 10000 1 1 6000 0.6689336 
20 2 0.025 10000 1 0 4000 0.6689336 
20 2 0.025 10000 0 1 1939 0.6689336 
20 2 0.05 10000 0 0 8061 0.8143403 
20 2 0.05 10000 1 1 8200 0.8143403 
20 2 0.05 10000 1 0 1800 0.8143403 
20 2 0.05 10000 0 1 1939 0.8143403 
20 5 0 10000 0 0 9506 0.08991627 
20 5 0 10000 1 1 494 0.08991627 
20 5 0 10000 1 0 9506 0.08991627 
20 5 0 10000 0 1 494 0.08991627 
20 5 0.01 10000 0 0 9506 0.4787997 
20 5 0.01 10000 1 1 3303 0.4787997 
20 5 0.01 10000 1 0 6697 0.4787997 
20 5 0.01 10000 0 1 494 0.4787997 
20 5 0.02 10000 0 0 9506 0.6689498 
20 5 0.02 10000 1 1 5274 0.6689498 
20 5 0.02 10000 1 0 4726 0.6689498 
20 5 0.02 10000 0 1 494 0.6689498 
20 5 0.025 10000 0 0 9506 0.7297706 
20 5 0.025 10000 1 1 6029 0.7297706 
20 5 0.025 10000 1 0 3971 0.7297706 
20 5 0.025 10000 0 1 494 0.7297706 
20 5 0.05 10000 0 0 9506 0.8934465 
20 5 0.05 10000 1 1 8473 0.8934465 
20 5 0.05 10000 1 0 1527 0.8934465 
20 5 0.05 10000 0 1 494 0.8934465 
50 0.5 0 10000 0 0 5867 0.4525348 
50 0.5 0 10000 1 1 4133 0.4525348 
50 0.5 0 10000 1 0 5867 0.4525348 
50 0.5 0 10000 0 1 4133 0.4525348 
50 0.5 0.01 10000 0 0 5867 0.5915591 
50 0.5 0.01 10000 1 1 5936 0.5915591 
50 0.5 0.01 10000 1 0 4064 0.5915591 
50 0.5 0.01 10000 0 1 4133 0.5915591 
50 0.5 0.02 10000 0 0 5867 0.6764375 
50 0.5 0.02 10000 1 1 7223 0.6764375 
50 0.5 0.02 10000 1 0 2777 0.6764375 
50 0.5 0.02 10000 0 1 4133 0.6764375 
50 0.5 0.025 10000 0 0 5867 0.7049391 
50 0.5 0.025 10000 1 1 7693 0.7049391 
50 0.5 0.025 10000 1 0 2307 0.7049391 
50 0.5 0.025 10000 0 1 4133 0.7049391 
50 0.5 0.05 10000 0 0 5867 0.7843104 
50 0.5 0.05 10000 1 1 9118 0.7843104 
50 0.5 0.05 10000 1 0 882 0.7843104 
50 0.5 0.05 10000 0 1 4133 0.7843104 
50 1 0 10000 0 0 6065 0.4404029 
50 1 0 10000 1 1 3935 0.4404029 
50 1 0 10000 1 0 6065 0.4404029 
50 1 0 10000 0 1 3935 0.4404029 
50 1 0.01 10000 0 0 6065 0.6266877 
50 1 0.01 10000 1 1 6359 0.6266877 
50 1 0.01 10000 1 0 3641 0.6266877 
50 1 0.01 10000 0 1 3935 0.6266877 
50 1 0.02 10000 0 0 6065 0.7237842 
50 1 0.02 10000 1 1 7903 0.7237842 
50 1 0.02 10000 1 0 2097 0.7237842 
50 1 0.02 10000 0 1 3935 0.7237842 
50 1 0.025 10000 0 0 6065 0.7517915 
50 1 0.025 10000 1 1 8393 0.7517915 
50 1 0.025 10000 1 0 1607 0.7517915 
50 1 0.025 10000 0 1 3935 0.7517915 
50 1 0.05 10000 0 0 6065 0.8154539 
50 1 0.05 10000 1 1 9593 0.8154539 
50 1 0.05 10000 1 0 407 0.8154539 
50 1 0.05 10000 0 1 3935 0.8154539 
50 2 0 10000 0 0 7559 0.3280473 
50 2 0 10000 1 1 2441 0.3280473 
50 2 0 10000 1 0 7559 0.3280473 
50 2 0 10000 0 1 2441 0.3280473 
50 2 0.01 10000 0 0 7559 0.6495522 
50 2 0.01 10000 1 1 5984 0.6495522 
50 2 0.01 10000 1 0 4016 0.6495522 
50 2 0.01 10000 0 1 2441 0.6495522 
50 2 0.02 10000 0 0 7559 0.7805332 
50 2 0.02 10000 1 1 7963 0.7805332 
50 2 0.02 10000 1 0 2037 0.7805332 
50 2 0.02 10000 0 1 2441 0.7805332 
50 2 0.025 10000 0 0 7559 0.8151429 
50 2 0.025 10000 1 1 8559 0.8151429 
50 2 0.025 10000 1 0 1441 0.8151429 
50 2 0.025 10000 0 1 2441 0.8151429 
50 2 0.05 10000 0 0 7559 0.8819089 
50 2 0.05 10000 1 1 9813 0.8819089 
50 2 0.05 10000 1 0 187 0.8819089 
50 2 0.05 10000 0 1 2441 0.8819089 
50 5 0 10000 0 0 9379 0.1104786 
50 5 0 10000 1 1 621 0.1104786 
50 5 0 10000 1 0 9379 0.1104786 
50 5 0 10000 0 1 621 0.1104786 
50 5 0.01 10000 0 0 9379 0.6976088 
50 5 0.01 10000 1 1 5689 0.6976088 
50 5 0.01 10000 1 0 4311 0.6976088 
50 5 0.01 10000 0 1 621 0.6976088 
50 5 0.02 10000 0 0 9379 0.8663678 
50 5 0.02 10000 1 1 8117 0.8663678 
50 5 0.02 10000 1 0 1883 0.8663678 
50 5 0.02 10000 0 1 621 0.8663678 
50 5 0.025 10000 0 0 9379 0.9031292 
50 5 0.025 10000 1 1 8745 0.9031292 
50 5 0.025 10000 1 0 1255 0.9031292 
50 5 0.025 10000 0 1 621 0.9031292 
50 5 0.05 10000 0 0 9379 0.9639565 
50 5 0.05 10000 1 1 9882 0.9639565 
50 5 0.05 10000 1 0 118 0.9639565 
50 5 0.05 10000 0 1 621 0.9639565 
