55295 11348 5050 3512 2547 1978 1697 1456 1287 1152 1043 948 847 800 739 691 581 619 594 553 531 476 493 426 427 419 415 367 375 339 337 340 314 280 311 261 292 251 253 239 117 
56424 10094 5129 3469 2541 1973 1713 1434 1271 1153 1019 880 883 832 701 672 673 648 554 533 510 503 481 491 420 414 421 351 325 355 351 312 301 314 298 282 294 251 261 240 229 
52870 4823 13213 3769 2747 2013 1761 1609 1158 1144 1015 907 843 893 664 644 691 618 514 539 544 500 486 456 426 384 356 407 359 322 302 311 322 341 286 314 308 224 349 72 496 
NA 10749.31 5421.379 3632.599 2734.254 2193.506 1832.088 1573.387 1379.011 1227.592 1106.287 1006.913 924.0073 853.7827 793.5323 741.2684 695.4994 655.0834 619.1317 586.9419 557.9521 531.7068 507.8332 486.0232 466.0198 447.6072 430.6023 414.8496 400.2152 386.584 373.8561 361.9444 350.7727 340.274 330.389 321.0655 312.2569 303.9215 296.0221 288.5254 NA 
NA 10749.31 5421.379 3632.599 2734.254 2193.506 1832.088 1573.387 1379.011 1227.592 1106.287 1006.913 924.0073 853.7827 793.5323 741.2684 695.4994 655.0834 619.1317 586.9419 557.9521 531.7068 507.8332 486.0232 466.0198 447.6072 430.6023 414.8496 400.2152 386.584 373.8561 361.9444 350.7727 340.274 330.389 321.0655 312.2569 303.9215 296.0221 288.5254 NA 
NA 10724.54 5414.326 3630.007 2733.444 2193.567 1832.624 1574.199 1379.99 1228.673 1107.431 1008.094 925.2074 854.9909 794.7406 742.4715 696.6935 656.2658 620.3006 588.0962 559.091 532.8298 508.9402 487.114 467.0946 448.666 431.6456 415.8774 401.228 387.582 374.8397 362.9139 351.7285 341.2164 331.3184 321.9822 313.1612 304.8138 296.9027 289.3946 NA 
NA 8183.317 4611.685 3297.336 2598.902 2160.764 1858.204 1635.695 1464.604 1328.608 1217.692 1125.355 1047.186 980.0806 921.791 870.645 825.3732 784.9935 748.7334 715.9771 686.2271 659.0767 634.1907 611.2895 590.1385 570.5389 552.3216 535.3413 519.4727 504.607 490.6495 477.5171 465.1367 453.4437 442.3808 431.897 421.9466 412.4888 403.4869 394.9077 NA 
55295 11348 5050 3512 2547 1978 1697 1456 1287 1152 1043 948 847 800 739 691 581 619 594 553 531 476 493 426 427 419 415 367 375 339 337 340 314 280 311 261 292 251 253 239 117 
56436 10090 5078 3481 2498 2062 1701 1426 1308 1132 1076 960 833 802 736 669 644 551 561 534 498 525 488 478 421 395 408 384 348 329 327 336 339 316 285 272 268 256 268 264 217 
40628 24744 6299 3361 2688 2015 1713 1422 1235 1123 1032 931 859 714 799 697 614 566 519 578 497 529 454 443 448 418 415 371 378 390 330 336 286 321 256 277 309 243 258 266 238 
NA 20866 8489.206 5016.457 3453.783 2585.585 2040.915 1670.955 1405.151 1206.021 1051.93 929.5694 830.3342 748.4293 679.818 621.6083 571.6772 528.4335 490.6626 457.4223 427.9714 401.7193 378.1897 356.9951 337.8165 320.3898 304.494 289.9432 276.5799 264.2698 252.8976 242.3642 232.5835 223.4805 214.99 207.0544 199.6231 192.6514 186.0995 179.9321 NA 
NA 20866 8489.206 5016.457 3453.783 2585.585 2040.915 1670.955 1405.151 1206.021 1051.93 929.5694 830.3342 748.4293 679.818 621.6083 571.6772 528.4335 490.6626 457.4223 427.9714 401.7193 378.1897 356.9951 337.8165 320.3898 304.494 289.9432 276.5799 264.2698 252.8976 242.3642 232.5835 223.4805 214.99 207.0544 199.6231 192.6514 186.0995 179.9321 NA 
NA 18942.42 8142.849 4969.292 3500.396 2667.346 2136.167 1770.488 1504.728 1303.627 1146.622 1020.947 918.2821 832.9814 761.0863 699.7424 646.8429 600.7997 560.395 524.6793 492.9024 464.4639 438.8782 415.7478 394.7453 375.5978 358.0768 341.9892 327.1709 313.4817 300.8008 289.024 278.0607 267.8318 258.268 249.3083 240.899 232.9923 225.5458 218.5215 NA 
NA 16428.38 7601.366 4842.872 3517.132 2744.343 2240.784 1887.838 1627.368 1427.616 1269.8 1142.122 1036.805 948.52 873.4975 808.9967 752.9788 703.8963 660.5541 622.0148 587.5333 556.51 528.457 502.9734 479.7269 458.4397 438.8777 420.8426 404.165 388.6995 374.3207 360.9196 348.4013 336.6828 325.691 315.3613 305.6366 296.4662 287.8046 279.6114 NA 
55295 11348 5050 3512 2547 1978 1697 1456 1287 1152 1043 948 847 800 739 691 581 619 594 553 531 476 493 426 427 419 415 367 375 339 337 340 314 280 311 261 292 251 253 239 117 
56484 10146 5111 3375 2525 1997 1697 1390 1334 1154 999 962 869 799 717 716 650 590 565 557 491 523 449 413 430 471 386 368 341 347 369 302 313 334 289 269 278 267 252 230 241 
48122 18518 5168 3433 2539 2000 1664 1462 1240 1176 1042 892 853 808 714 711 624 636 526 547 497 512 473 449 436 406 358 406 359 345 353 308 336 285 334 260 291 243 255 238 181 
NA 15846.59 6974.857 4315.731 3069.974 2357.216 1899.563 1582.68 1351.245 1175.365 1037.526 926.8138 836.0903 760.4962 696.6144 641.9746 594.7488 553.5563 517.3355 485.2573 456.6656 431.0339 407.9359 387.0222 368.0041 350.6412 334.7314 320.1041 306.6139 294.1364 282.5643 271.805 261.7779 252.4126 243.6471 235.4271 227.7045 220.4366 213.5854 207.1169 NA 
NA 15846.59 6974.857 4315.731 3069.974 2357.216 1899.563 1582.679 1351.245 1175.365 1037.526 926.8137 836.0903 760.4962 696.6143 641.9746 594.7488 553.5563 517.3354 485.2573 456.6655 431.0339 407.9359 387.0221 368.0041 350.6411 334.7314 320.1041 306.6139 294.1363 282.5643 271.805 261.7779 252.4125 243.6471 235.4271 227.7045 220.4366 213.5854 207.1169 NA 
NA 14883.46 6765.762 4266.12 3075.598 2386.192 1939.304 1627.427 1398.113 1222.819 1084.722 973.2823 881.5737 804.8607 739.8 683.9661 635.5579 593.2107 555.8722 522.7185 493.0955 466.4775 442.4372 420.6242 400.7481 382.5666 365.8757 350.5026 336.3002 323.142 310.9191 299.537 288.9136 278.9767 269.6633 260.9174 252.6898 244.9366 237.6188 230.7012 NA 
NA 14231.58 6614.39 4225.087 3074.159 2402.152 1963.687 1656.03 1428.772 1254.348 1116.444 1004.803 912.6594 835.3763 769.6702 713.1532 664.0479 621.0048 582.9813 549.1591 518.8879 491.6438 467.0005 444.6079 424.1752 405.4596 388.2565 372.3921 357.7183 344.1079 331.451 319.6522 308.6285 298.3069 288.6234 279.5216 270.9512 262.8679 255.2318 248.0073 NA 
55111 11247 5237 3422 2552 2004 1708 1535 1286 1096 963 967 875 804 710 731 652 594 583 534 543 456 458 454 411 420 371 381 374 333 338 356 303 340 281 274 281 308 285 286 136 
56199 10266 5033 3462 2524 1994 1720 1476 1298 1195 966 896 853 841 724 675 661 603 593 560 528 475 423 435 420 431 370 368 356 345 365 317 319 323 318 285 291 267 265 290 270 
54518 12068 5112 3472 2509 2028 1705 1472 1254 1184 973 880 859 798 737 741 644 624 558 534 524 466 446 433 417 413 386 379 346 368 320 320 323 334 293 308 263 271 290 285 145 
NA 11425.56 5536.84 3624.296 2683.159 2125.019 1756.338 1494.995 1300.262 1149.661 1029.786 932.1511 851.1231 782.8191 724.4764 674.0758 630.1081 591.4226 557.1268 526.518 499.0355 474.2266 451.7214 431.2154 412.4551 395.2281 379.355 364.6831 351.082 338.4393 326.6579 315.6531 305.3511 295.6871 286.604 278.0513 269.9842 262.3627 255.1512 248.3176 NA 
NA 11425.56 5536.839 3624.295 2683.159 2125.019 1756.338 1494.996 1300.262 1149.661 1029.786 932.1513 851.1232 782.8193 724.4765 674.076 630.1083 591.4227 557.1269 526.5181 499.0356 474.2267 451.7216 431.2156 412.4553 395.2282 379.3551 364.6832 351.0821 338.4394 326.658 315.6532 305.3512 295.6872 286.6041 278.0514 269.9843 262.3628 255.1513 248.3177 NA 
NA 11168.49 5468.788 3601.572 2677.858 2127.926 1763.553 1504.61 1311.245 1161.421 1041.964 944.5231 863.5451 795.1977 736.7503 686.2051 642.0671 603.1952 568.7037 537.8946 510.2105 485.2007 462.4971 441.7962 422.8452 405.4323 389.3781 374.5304 360.7587 347.9505 336.0086 324.8484 314.3959 304.5861 295.3618 286.6723 278.4726 270.7227 263.3866 256.4322 NA 
NA 11110.28 5453.168 3596.258 2676.533 2128.494 1765.122 1506.741 1313.701 1164.064 1044.711 947.3209 866.3603 798.008 739.5411 688.9667 644.793 605.8814 571.3478 540.4952 512.7669 487.713 464.9657 444.2217 425.2285 407.7742 391.6797 376.7928 362.9829 350.1377 338.1599 326.9648 316.4785 306.6359 297.3798 288.6595 280.4299 272.651 265.2868 258.3052 NA 
